Server_Port  Client_Port  mean_IAT   mean_data_wire  mean_data_ip mean_data_control 
80	49944	0.127251	686.25	669.607143	16.642857
80	49948	0.000917	953.238532	937.055046	16.183486
80	49960	0.027098	673.09375	656.25	16.84375
80	49977	0.052377	784.891892	768.405405	16.486486
80	50076	0.048196	784.594595	768.108108	16.486486
80	50087	0.000539	827.808917	811.426752	16.382166
80	50100	0.083229	752.387097	735.806452	16.580645
80	50118	0.100363	718.969697	702.363636	16.606061
80	50128	0.040224	730.37931	713.827586	16.551724
80	50146	0.000643	887.120482	870.831325	16.289157
80	50192	0.002061	783.608696	766.978261	16.630435
80	50385	0.033981	832.297872	815.829787	16.468085
135	1916	0.271993	202.307692	185.538462	16.769231
135	1992	0.513764	192.142857	175.142857	17
135	2201	0.62531	182	165.6	16.4
3306	2140	0.126414	241.6	224.55	17.05
3306	2142	0.143324	76.75	59.6875	17.0625
3306	2141	0.143453	168.4375	151.375	17.0625
3306	2145	0.145764	589.457944	574.663551	14.794393
3306	2144	0.142948	323.454545	306.409091	17.045455
3306	2148	0.145761	579.743119	564.853211	14.889908
3306	2147	0.14453	323.454545	306.409091	17.045455
3306	2149	0.143119	68	50.916667	17.083333
3306	2150	0.142514	241.6	224.55	17.05
3306	2152	0.143236	76.75	59.6875	17.0625
3306	2151	0.14364	168.4375	151.375	17.0625
3306	2154	0.14597	579.743119	564.853211	14.889908
3306	2153	0.143136	323.454545	306.409091	17.045455
3306	2157	0.142832	261.777778	245.055556	16.722222
3306	2156	0.143818	68	50.916667	17.083333
3306	2159	0.14607	584.555556	569.712963	14.842593
3306	2158	0.142916	323.454545	306.409091	17.045455
3306	2174	0.14613	589.457944	574.663551	14.794393
21	4936	0.091817	133.25	117.178571	16.071429
21	4953	0.092413	128.166667	111.833333	16.333333
21	1041	0.197215	127.645161	111.580645	16.064516
21	1118	0.084371	130.896552	114.689655	16.206897
21	1126	0.083051	130.896552	114.689655	16.206897
21	1135	0.139707	126.1875	110	16.1875
21	1621	0.184496	122.914286	106.571429	16.342857
21	1633	0.141537	124	107.8125	16.1875
21	2128	0.113433	133.733333	117.6	16.133333
21	2146	0.085603	128.433333	112.1	16.333333
21	2153	0.083477	130.586207	114.37931	16.206897
21	2162	0.249709	126.032258	109.580645	16.451613
21	2176	0.124696	123.818182	107.515152	16.30303
21	2187	0.083038	133.464286	117.392857	16.071429
21	2200	0.092506	129	112.625	16.375
21	2221	0.120873	128.166667	111.833333	16.333333
21	2234	0.122672	164.823529	148.235294	16.588235
21	2247	0.308569	120.117647	103.705882	16.411765
3109	20	0.000297	426.950554	411.105627	15.844927
3108	20	0.00011	450.467043	434.919021	15.548023
3111	20	0.000129	434.193069	418.470297	15.722772
3110	20	0.000138	438.85213	423.182957	15.669173
3114	20	0.000288	414.049618	398.080153	15.969466
3113	20	0.000268	419.553922	403.70098	15.852941
3112	20	0.000181	440.032143	424.382143	15.65
3115	20	0.000238	433.814672	418.100386	15.714286
3118	20	0.000337	421.713948	405.822695	15.891253
3117	20	0.000225	438.011811	422.358268	15.653543
3116	20	0.000081	439.684814	424.008596	15.676218
3123	20	0.000163	452.45122	436.963415	15.487805
3122	20	0.000337	414.886121	398.964413	15.921708
3121	20	0.000171	449.282258	433.758065	15.524194
3120	20	0.000313	419.851541	403.969188	15.882353
3124	20	0.000299	432.079442	416.29442	15.785022
3119	20	0.000303	393.561404	377.561404	16
3125	20	0.000322	421.607107	405.706078	15.90103
3127	20	0.000329	419.364648	403.436197	15.928451
12700	3282	0.1403	78.2	60.8	17.4
18067	3284	0.131521	106	88	18
5429	3286	0.151185	487.5	470.333333	17.166667
56469	3288	0.103354	67.875	49.875	18
60046	3290	0.105012	91.875	73.875	18
41207	3294	0.126072	102.5	84.5	18
39417	3292	0.100744	82.5	64.5	18
56151	35719	0.002377	288.59375	271.59375	17
53461	1557	0.045665	123.272727	105.272727	18
32757	4345	0.017197	748.15	731.3	16.85
43443	63216	0.150998	122.909091	105.090909	17.818182
45661	63225	0.005654	390.012432	373.756837	16.255594
50098	63234	0.003272	374.28381	357.872381	16.411429
41484	63243	0.151091	120.818182	103	17.818182
59125	44038	0.000217	311.221053	294.252632	16.968421
51066	53506	0.000165	311.221053	294.252632	16.968421
47042	62534	0.000284	274.166667	257.166667	17
52033	36284	0.014701	317.066667	300.333333	16.733333
48781	3651	0.113726	68.75	50.75	18
25	2765	0.016747	161.529412	145.323529	16.205882
25	3361	0.000245	479.693548	464.798387	14.895161
25	3400	0.016438	158.428571	142.114286	16.314286
25	3701	0.046297	140.764706	124.382353	16.382353
25	1404	0.296325	182.527778	166.555556	15.972222
25	1825	0.000722	372.032448	355.831858	16.20059
25	2058	0.296366	161.454545	145.484848	15.969697
25	2449	0.000278	386.669903	370.66343	16.006472
25	2665	0.296282	164.75	148.90625	15.84375
25	3071	0.000506	388.025237	372.031546	15.993691
25	3296	0.29632	161.363636	145.393939	15.969697
25	3610	0.296444	145.354839	129.451613	15.903226
25	1405	0.272017	174.129032	158.096774	16.032258
25	1824	0.003476	387.828125	371.784375	16.04375
25	2059	0.272911	175.548387	159.612903	15.935484
25	2450	0.003751	387.271845	371.23301	16.038835
25	2666	0.2716	174.129032	158.096774	16.032258
25	3072	0.003877	387.578616	371.540881	16.037736
25	3297	0.396645	173.903226	157.870968	16.032258
25	3607	0.274233	151.354839	135.129032	16.225806
25	1406	0.274167	167.78125	151.625	16.15625
25	1826	0.007746	439.229091	423.810909	15.418182
25	2060	0.280078	171.129032	155.096774	16.032258
25	2451	0.004959	412.094595	396.351351	15.743243
25	2667	0.292746	164.515152	148.242424	16.272727
25	3073	0.008259	418.906897	403.251724	15.655172
25	3298	0.292833	171.032258	155	16.032258
25	3608	0.279029	151.433333	135.333333	16.1
25	1407	0.271115	160.558824	144.176471	16.382353
25	1827	0.000963	422.678322	407.062937	15.615385
25	2061	0.273429	163.484848	147.212121	16.272727
25	2452	0.000917	418.184397	402.524823	15.659574
25	2668	0.269601	163.606061	147.333333	16.272727
25	3074	0.000635	417.563574	401.893471	15.670103
25	3300	0.271533	166.625	150.46875	16.15625
25	3609	0.271331	150.433333	134.333333	16.1
25	1409	0.284219	149.555556	133.305556	16.25
25	3611	0.28639	129.944444	113.527778	16.416667
25	1410	0.271293	157.611111	141.361111	16.25
25	1830	0.000354	361.344388	345.017857	16.326531
2234	4036	0.210275	80.818182	62.818182	18
2234	4057	0.208505	112.090909	94.090909	18
2234	4100	0.241177	112.090909	94.090909	18
2234	4184	0.179387	112	94	18
2234	4062	0.620643	114.714286	97.857143	16.857143
2234	4062	0.52277	61	44	17
2234	4062	2.844924	60	40	20
2234	4086	0.06262	61	45	16
2234	4086	0.114839	61	44	17
2234	4086	0.114304	61	44	17
2234	4086	0.05805	60	40	20
2234	4148	0.660127	81.5	63.833333	17.666667
4662	3182	2.905644	78.25	61.5	16.75
4662	3516	2.421272	83.777778	67.777778	16
4662	3186	2.699793	83.058824	66.941176	16.117647
4662	3518	1.605133	84.352941	68.235294	16.117647
4662	3188	0.100702	83.944444	67.944444	16
4662	3520	0.101379	83.944444	67.944444	16
4662	3190	0.192572	82.631579	66.736842	15.894737
4662	3522	0.323591	123.894737	107.684211	16.210526
4662	3192	0.273331	115.095238	98.238095	16.857143
4662	3196	0.402643	86.407407	70.62963	15.777778
4662	3544	0.164755	106.375	91.625	14.75
4662	3544	0.18722	61	44	17
4662	3544	0.201849	104	88.5	15.5
8765	43063	0.004011	501.95	487.95	14
8765	42999	0.000457	516.444444	502.444444	14
8765	43772	0.008068	121.1	107.1	14
8765	43799	0.003392	293.75	279.75	14
8765	44412	0.002774	534.944444	520.944444	14
8765	45006	0.000517	551.454545	537.454545	14
8765	45074	0.000628	530.388889	516.388889	14
8765	45494	0.168488	641.1	627.1	14
8765	45992	0.00037	679.675	665.675	14
8765	46715	0.000394	508.444444	494.444444	14
8765	47214	0.014944	125.6	111.6	14
8765	47114	0.011488	504.05	490.05	14
53	1943	0.010668	60.571429	42.285714	18.285714
53	2035	0.007369	60.571429	42.285714	18.285714
53	2146	0.007306	60.571429	42.285714	18.285714
53	2218	0.007474	60.571429	42.285714	18.285714
53	2524	0.007432	60.571429	42.285714	18.285714
53	2621	0.007344	60.571429	42.285714	18.285714
53	24899	0.005805	76.5	58.9	17.6
53	24898	0.005798	76.5	58.9	17.6
53	24897	0.005861	76.5	58.9	17.6
53	27391	0.005452	76.5	58.9	17.6
53	27393	0.005391	76.5	58.9	17.6
80	20767	0.008271	136.4	118.4	18
80	20770	0.200613	261.823529	245.117647	16.705882
80	20771	0.002147	115.5	97.5	18
80	20768	0.001314	403.484848	387.727273	15.757576
80	20769	0.10601	255.125	238.25	16.875
80	20772	0.150609	149.363636	131.727273	17.636364
80	20773	0.154711	149.636364	132	17.636364
80	20774	0.150437	146.818182	129.181818	17.636364
80	20775	0.200666	156.916667	139.583333	17.333333
80	21089	0.16997	153.636364	136	17.636364
80	21060	0.001703	234.045455	218.318182	15.727273
80	21043	0.029285	135.928571	118.642857	17.285714
80	21107	0.002609	109.8	91.8	18
80	21234	0.150733	155	137.363636	17.636364
80	21303	0.002729	115.7	97.7	18
80	21283	0.062917	125.769231	108.230769	17.538462
80	64908	0.115881	154.909091	140.909091	14
80	64911	0.110486	146.333333	132.333333	14
80	64910	0.113977	147.181818	133.181818	14
80	64905	0.113723	154	140	14
80	64904	0.116524	185.818182	171.818182	14
80	7453	0.11401	153.636364	139.636364	14
80	7452	0.116742	168.272727	154.272727	14
80	7455	0.084779	175.25	161.25	14
80	7454	0.081311	154.083333	140.083333	14
80	7449	0.089522	168.666667	154.666667	14
80	7448	0.117472	163.909091	149.909091	14
80	7451	0.081667	141.5	127.5	14
80	7461	0.116913	185.454545	171.454545	14
80	7450	0.119225	162.272727	148.272727	14
80	49697	0.16317	132.5	114.9	17.6
80	49668	0.135862	118.916667	101.416667	17.5
80	49721	0.165331	126.8	109.2	17.6
80	49821	0.151995	134.6	117	17.6
80	49852	0.09719	118.416667	100.916667	17.5
80	49780	0.001579	127.363636	110.090909	17.272727
80	49877	0.152912	131.9	114.3	17.6
80	49793	0.107759	125.833333	108.333333	17.5
80	49752	0.156832	128	110.4	17.6
